P1=(1, 0);(14, 5);7
P2=(3, 0);(0, 7);7
P3=(5, 0);(14, 13);7
P4=(7, 0);(9, 0);7
P5=(9, 0);(11, 14);7
P6=(11, 0);(14, 11);7
P7=(13, 0);(1, 0);7
P8=(1, 14);(14, 7);7
P9=(3, 14);(5, 14);7
P10=(5, 14);(14, 1);7
P11=(7, 14);(0, 5);7
P12=(9, 14);(0, 13);7
P13=(11, 14);(0, 3);7
P14=(13, 14);(3, 14);7
P15=(0, 1);(7, 14);7
P16=(0, 3);(5, 0);7
P17=(0, 5);(11, 0);7
P18=(0, 7);(9, 14);7
P19=(0, 9);(0, 11);7
P20=(0, 11);(14, 9);7
P21=(0, 13);(13, 0);7
P22=(14, 1);(7, 0);7
P23=(14, 3);(3, 0);7
P24=(14, 5);(14, 3);7
P25=(14, 7);(13, 14);7
P26=(14, 9);(0, 1);7
P27=(14, 11);(0, 9);7
P28=(14, 13);(1, 14);7
